2455167.0883
2455169.1776
2455088.77995
2455073.43381
2455164.18301
2455010.84307
2455095.865727
2454971.08737
2454969.328651
2455196.0709
2454954.62702
2454980.0364
2454973.49631
2455642.14318
2454419.19556
2454715.02174
2454237.53556
2454595.6144
2455365.52723
2454597.679
2454598.42014
2456813.3837
2456817.2755
2455230.9902
2455010.64241
2456234.103218
2455338.6188
2455342.9688
2456487.425006
2456459.59957
2456730.83468
2456812.8422
2455961.38467
2453142.542
2456381.2834
2457197.097459
2455005.9241
2457542.52504
2457095.68572
2457247.24791
2455375.1341
2457508.37019
2457503.120049
